[Net]
   NumLayers = 4 
   InpLayer  = 1 
   OutLayer  = 4 
   Precision = Double

[Layer(1)]
  NumUnits = 14
  InpFunc  = Sum_1
  ActFunc  = Identity
  OutFunc  = Linear
[Layer(2)]
  NumUnits = 2
  InpFunc  = Sum_1
  ActFunc  = Sigmoid_1
  ActSlope =  2.00000000000000000000
  ActThres =  0.00000000000000000000
  OutFunc  = Linear
[Layer(3)]
  NumUnits = 1
  InpFunc  = Sum_1
  ActFunc  = Sigmoid_1
  ActSlope =  2.00000000000000000000
  ActThres =  0.00000000000000000000
  OutFunc  = Linear
[Layer(4)]
  NumUnits = 1
  InpFunc  = Sum_1
  ActFunc  = Identity
  OutFunc  = Identity

[Unit(1,1)]
  NumConns = 0
  OutScale =  0.93187960115553070128
  OutBias  = -0.04668716801789209170
[Unit(1,2)]
  NumConns = 0
  OutScale =  0.93484154435823130225
  OutBias  = -0.03477610545012620180
[Unit(1,3)]
  NumConns = 0
  OutScale =  0.94562647754137119094
  OutBias  = -0.02817966903073286164
[Unit(1,4)]
  NumConns = 0
  OutScale =  1.72205958326158081739
  OutBias  = -0.01963147924918202253
[Unit(1,5)]
  NumConns = 0
  OutScale =  0.00902853015529071941
  OutBias  = -1.95842361863488623186
[Unit(1,6)]
  NumConns = 0
  OutScale =  0.00903423976872346109
  OutBias  = -1.96029451621646044757
[Unit(1,7)]
  NumConns = 0
  OutScale =  0.94482237339380192864
  OutBias  = -0.05328798185941042986
[Unit(1,8)]
  NumConns = 0
  OutScale =  0.93214019388516033970
  OutBias  = -0.03728560775540641636
[Unit(1,9)]
  NumConns = 0
  OutScale =  0.92378752886836024150
  OutBias  = -0.02836027713625866031
[Unit(1,10)]
  NumConns = 0
  OutScale =  1.45074713477440875309
  OutBias  = -0.01653851733642825936
[Unit(1,11)]
  NumConns = 0
  OutScale =  0.01128477120126389517
  OutBias  = -2.44636912486599333860
[Unit(1,12)]
  NumConns = 0
  OutScale =  0.01124416708832293166
  OutBias  = -2.43846629560915273416
[Unit(1,13)]
  NumConns = 0
  OutScale =  0.09267840625907326768
  OutBias  =  0.46339203129536638004
[Unit(1,14)]
  NumConns = 0
  OutScale =  0.68295890282479265743
  OutBias  =  0.33279482708339880315

[Unit(2,1)]
  NumConns = 14
  InpBias  = -30.69657434666031647907
  OutScale =  2.00000000000000000000
  OutBias  = -1.00000000000000000000
  C(1) =1,1,114.77998470104709838324
  C(2) =1,2,-69.03571268519279158227
  C(3) =1,3,-27.17452313681004483215
  C(4) =1,4, 1.19239673341487639746
  C(5) =1,5, 0.08771910501494205314
  C(6) =1,6,-1.91221863130937519415
  C(7) =1,7,-83.61542922679666389740
  C(8) =1,8,13.69951067935866539926
  C(9) =1,9, 9.52193992207719652754
  C(10) =1,10,54.59660668417578222034
  C(11) =1,11,44.39112291577863089742
  C(12) =1,12,-50.98314147004651175621
  C(13) =1,13,11.72676216420450145961
  C(14) =1,14,58.39866267214958384102
[Unit(2,2)]
  NumConns = 14
  InpBias  =  2.44440758646091360617
  OutScale =  2.00000000000000000000
  OutBias  = -1.00000000000000000000
  C(1) =1,1,-13.02051051141536497369
  C(2) =1,2,-9.06117893270550567308
  C(3) =1,3,14.89203588450182635938
  C(4) =1,4,15.09808621858441135544
  C(5) =1,5,-1.95912093982546453574
  C(6) =1,6,-1.40984293372532087929
  C(7) =1,7, 2.91450877262415231073
  C(8) =1,8,27.99484112834302251827
  C(9) =1,9,-18.12747391417407882841
  C(10) =1,10,-9.99918778185524459445
  C(11) =1,11,18.07842918819756761195
  C(12) =1,12,-18.56915004717919970290
  C(13) =1,13, 0.13011411611594009274
  C(14) =1,14,-5.62772165761813969453

[Unit(3,1)]
  NumConns = 2
  InpBias  = 25.51165816478548009627
  OutScale =  2.00000000000000000000
  OutBias  = -1.00000000000000000000
  C(1) =2,1, 0.72070215769961665231
  C(2) =2,2,-10.55070670783654662728

[Unit(4,1)]
  NumConns = 1
  InpBias  = 24.41558192791179848768
  C(1) =3,1,-24.13644462985806171673
