[Net]
   NumLayers = 4 
   InpLayer  = 1 
   OutLayer  = 4 
   Precision = Double

[Layer(1)]
  NumUnits = 8
  InpFunc  = Sum_1
  ActFunc  = Identity
  OutFunc  = Linear
[Layer(2)]
  NumUnits = 2
  InpFunc  = Sum_1
  ActFunc  = Sigmoid_1
  ActSlope =  2.00000000000000000000
  ActThres =  0.00000000000000000000
  OutFunc  = Linear
[Layer(3)]
  NumUnits = 1
  InpFunc  = Sum_1
  ActFunc  = Sigmoid_1
  ActSlope =  2.00000000000000000000
  ActThres =  0.00000000000000000000
  OutFunc  = Linear
[Layer(4)]
  NumUnits = 1
  InpFunc  = Sum_1
  ActFunc  = Identity
  OutFunc  = Identity

[Unit(1,1)]
  NumConns = 0
  OutScale =  0.93187960115553070128
  OutBias  = -0.04668716801789209170
[Unit(1,2)]
  NumConns = 0
  OutScale =  0.93484154435823130225
  OutBias  = -0.03477610545012620180
[Unit(1,3)]
  NumConns = 0
  OutScale =  0.94562647754137119094
  OutBias  = -0.02817966903073286164
[Unit(1,4)]
  NumConns = 0
  OutScale =  1.72205958326158081739
  OutBias  = -0.01963147924918202253
[Unit(1,5)]
  NumConns = 0
  OutScale =  0.00902853015529071941
  OutBias  = -1.95842361863488623186
[Unit(1,6)]
  NumConns = 0
  OutScale =  0.00903423976872346109
  OutBias  = -1.96029451621646044757
[Unit(1,7)]
  NumConns = 0
  OutScale =  0.09267840625907326768
  OutBias  =  0.46339203129536638004
[Unit(1,8)]
  NumConns = 0
  OutScale =  0.68295890282479265743
  OutBias  =  0.33279482708339880315

[Unit(2,1)]
  NumConns = 8
  InpBias  = -16.90084433079251624577
  OutScale =  2.00000000000000000000
  OutBias  = -1.00000000000000000000
  C(1) =1,1,-3.72550787577551023588
  C(2) =1,2,12.89636553772687399544
  C(3) =1,3,-0.64921773429338336392
  C(4) =1,4, 3.59255926846515416528
  C(5) =1,5,-1.25138191956893751744
  C(6) =1,6,-2.00578160336899191662
  C(7) =1,7,-4.13904724961123005045
  C(8) =1,8, 8.16463255217230710059
[Unit(2,2)]
  NumConns = 8
  InpBias  = 23.45159188478085354745
  OutScale =  2.00000000000000000000
  OutBias  = -1.00000000000000000000
  C(1) =1,1,-7.90018199338086812844
  C(2) =1,2, 0.91034860217237889568
  C(3) =1,3, 8.75907212659550538092
  C(4) =1,4,-4.76030195518112453357
  C(5) =1,5, 2.33778653600525876399
  C(6) =1,6, 2.86540845567313873232
  C(7) =1,7,-0.10279325383324743048
  C(8) =1,8,-22.73009375870271853159

[Unit(3,1)]
  NumConns = 2
  InpBias  =  5.80467956766560444493
  OutScale =  2.00000000000000000000
  OutBias  = -1.00000000000000000000
  C(1) =2,1,-5.68481058458679733292
  C(2) =2,2,12.12833657599233738722

[Unit(4,1)]
  NumConns = 1
  InpBias  =  9.16514224794770449023
  C(1) =3,1,-8.88601541734361966007
